[  6.34900485e-04   8.20784117e-06   4.90557137e-04  -1.14174927e-04
   7.37029421e-05   2.40498901e-04   2.10875625e-04   9.00643622e-05
   2.21777968e-04  -1.05058541e-04   4.02997233e-04  -1.99564743e-05
   1.88029713e-03  -4.10981270e-05   2.31310649e-04   8.67691731e-05
   4.47042308e-04   1.59391270e-04  -8.08816985e-05   2.58179542e-05]
[  5.38619823e-04   2.84421778e-04   1.20591198e-04   3.09122182e-04
   2.68641929e-04   3.41789248e-04   1.90661068e-04   5.01516996e-05
   2.37868145e-04  -2.69591677e-04   3.13604332e-04  -2.11866655e-04
   1.87356596e-03  -2.08270550e-05  -2.65027492e-05   7.51048407e-05
   4.73244917e-04   3.54493108e-05  -1.91086433e-04   1.54785656e-04]
[  6.79228116e-04   2.37579445e-04   7.44677339e-05   6.20738541e-05
   2.91269808e-04   2.38489429e-04   1.38741198e-04   1.22809911e-04
   2.91337612e-04  -2.37821470e-04   4.81888626e-04  -2.50321246e-04
   1.69285767e-03  -1.24527384e-04   1.78125944e-04  -4.42028160e-05
   4.76734691e-04  -1.64640567e-05  -1.02767042e-04   3.19336401e-04]
[  6.50247038e-04   3.11287035e-04   1.98133736e-04   8.31205406e-05
   1.04329030e-04  -1.79283541e-05   7.04358739e-06   1.86125560e-04
   1.60231317e-04   2.20207993e-05   4.62891386e-04  -3.79019294e-05
   1.88192631e-03   1.53101486e-04   2.14166364e-06  -1.83148796e-04
   7.06821373e-04   1.92919791e-04  -7.38768298e-05   3.64417158e-05]
[  6.38139995e-04   1.27865241e-04   2.58705189e-04   5.41280139e-05
   7.13209973e-05   4.12537418e-04   6.81354057e-05   1.30158497e-04
   1.16091230e-04  -2.62462290e-04   4.39605377e-04  -1.57675526e-04
   1.75816864e-03   6.20283285e-05   1.10058187e-04   2.01865919e-04
   5.27046233e-04   2.97731475e-04  -2.75502496e-04  -1.14503970e-04]
[  6.15761099e-04   1.92615956e-04   2.38659591e-04   5.80672465e-05
  -1.87057659e-04   3.25395015e-04  -3.95891272e-05   2.64030187e-04
   5.16995909e-05  -3.82532356e-06   4.17673539e-04  -3.66433564e-04
   1.80696784e-03  -3.14355239e-05   1.15324450e-04   2.17138210e-04
   5.73005751e-04  -1.63669361e-04  -1.41365244e-04   8.36621513e-05]
[  4.65862791e-04   9.87508501e-05   2.42521070e-04  -6.46536477e-05
   5.66357692e-05   1.74445598e-04   2.51332369e-05   3.60749041e-04
   1.07270660e-05  -1.01939069e-04   2.97923787e-04   4.14794226e-05
   1.60896146e-03   8.34629800e-05   8.05062777e-05   1.42804452e-04
   5.52664204e-04   1.58832023e-04  -2.04074259e-04   9.15374502e-05]
[  6.25018581e-04   2.03041405e-04   7.41507150e-05  -2.65345129e-05
   5.23206161e-05   1.36875203e-05   4.67770623e-06   3.17389683e-04
   1.34153603e-04  -8.10353002e-05   4.31947963e-04  -1.38864108e-04
   1.74559929e-03   1.78065114e-04   2.52284853e-05   1.08378766e-04
   5.45970185e-04   5.07628427e-05  -1.12680890e-04   1.69306155e-04]
[  6.23182749e-04   3.95327422e-05   3.33397505e-04   9.99799691e-05
  -2.44535212e-05   3.37266887e-04   1.54556580e-04   7.86125998e-05
   2.52803806e-04  -2.72840591e-04   3.90457658e-04  -1.86867921e-05
   1.89196776e-03  -2.68391787e-04   7.90810796e-05  -8.81092874e-05
   4.52188804e-04   3.80724548e-04  -1.43366783e-04   1.40780102e-04]
[ -1.13144255e-04   9.36988092e-04  -1.55380557e-04   1.10680595e-03
  -5.28459860e-05   4.01836970e-04   4.05007207e-04  -3.53515922e-05
   1.22742373e-04   1.15122364e-04   3.49807860e-04   2.44123142e-04
   1.55716056e-04  -2.09547689e-04  -4.42267117e-06  -3.68987648e-05
  -1.18137770e-04  -7.54066634e-05   1.14579544e-04   2.49617622e-04]
[ -2.04450017e-04   6.78824494e-04   1.66836689e-04   7.94505577e-04
   1.75320539e-04   9.83550841e-05   2.94193375e-04  -4.59125899e-05
  -6.83046974e-08   3.45514230e-04   2.33620724e-04   1.10969274e-04
   2.04672190e-04  -1.31704607e-05   1.64243513e-05  -2.08932827e-06
  -2.96267461e-05  -3.11474052e-05   4.65642560e-05   5.94765051e-05]
[ -7.41651368e-05   6.03276386e-04   1.07612341e-05   7.50433479e-04
   2.67758633e-04   1.10486998e-05   3.29724978e-04  -2.97123731e-04
   4.26895372e-04  -4.47991896e-05   3.64010307e-04   1.04307788e-04
   2.31870030e-04  -3.23469778e-04  -3.29636234e-06   1.61256266e-04
  -6.89781349e-05  -7.25703760e-05   2.03665297e-04   4.79610946e-04]
[  6.22163987e-05   8.24980262e-04   1.11054535e-04   9.53050832e-04
   1.73038629e-04   3.82435891e-04   2.70952821e-04  -2.70525671e-04
   2.67294979e-04  -9.73462763e-05   3.88633979e-04   1.26279602e-04
   1.35529260e-04  -2.44168091e-04   1.51968385e-05  -3.06517184e-05
  -2.59191824e-05  -3.46338103e-05   2.58514404e-04   1.15900911e-04]
[ -1.79178361e-04   9.41851503e-04   5.15361325e-06   1.15786493e-03
  -1.05580823e-05   4.91608034e-04   1.81108082e-04  -2.41524445e-04
   2.87725655e-04   1.67722512e-05   2.07823457e-04   4.09174278e-04
   2.49864572e-04  -6.45148373e-05   1.79988462e-04  -9.77216165e-05
  -1.18485417e-04   7.35316701e-05   6.30709961e-05   1.51526412e-04]
[  1.57557989e-05   7.77173287e-04  -1.42744260e-04   9.30001599e-04
   5.53087892e-05   2.33428682e-04   1.17088349e-04  -1.47600659e-04
   2.61269939e-05   1.54372885e-04   4.43040278e-04   2.93761137e-04
   2.49155472e-04   9.36800344e-05   2.07055663e-05  -7.38181585e-05
   1.53111208e-04  -4.65441019e-05   4.54078747e-04   1.00117196e-04]
[  2.79395892e-05   8.44806231e-04   3.50712968e-05   9.17096832e-04
  -9.73365519e-05   3.94307017e-04   1.90011923e-04  -2.56321083e-05
   2.20230862e-04   3.22849143e-04   3.02540160e-04   3.57184933e-04
   2.00475874e-04  -1.52644568e-04   2.42641884e-05   1.15949075e-04
  -1.25628985e-04   9.62156050e-06  -7.62377203e-05   1.31104577e-04]
[  2.39644910e-05   7.86744495e-04  -1.40486134e-04   9.92879639e-04
   5.05613800e-05   2.86451486e-04   2.73666529e-04  -2.81960279e-04
   3.35077746e-05   1.96180253e-04   3.64528921e-04   2.85770999e-04
   4.45480589e-04  -7.68426084e-05   6.31551062e-05  -1.50987195e-04
  -2.72463272e-05  -3.85608175e-05   1.98901843e-05   1.64740357e-04]
[  3.73637540e-05   8.32458030e-04  -2.35760952e-04   1.01617886e-03
  -1.15619864e-04   1.78033366e-04   2.64581835e-04  -1.22373112e-04
   2.74423164e-04   2.93856355e-04   3.81739111e-04   2.57574572e-04
   2.69085849e-04  -5.32128416e-04   1.07505148e-04  -2.96882959e-05
   1.53926833e-04   1.98191738e-05  -4.93799470e-05   3.20695977e-04]
